23
H.sapiens_RUVBL1_ruvBlike_1_isoform_X1              0.0000000 1.7172011 1.7077438 1.7427662 1.7473990 1.7473990 1.6950112 1.7106370 1.6863849 1.6972374 1.6843074 0.3434263 0.1408085 0.1041307 0.1380030 0.1502591 0.1698339 0.1037745 0.1532689 0.2073170 0.1821147 0.1614383 0.1874747 
G.aculeatus_ruvbl2_ruvBlike_2                       1.7172011 0.0000000 0.0426148 0.1282339 0.1256920 0.1256920 0.0379838 0.1267271 0.1293988 0.1170504 0.1219313 1.7119952 1.5631417 1.5469112 1.5685366 1.5145697 1.5725078 1.5487316 1.5275888 1.5527801 1.5680858 1.6041048 1.5837805 
D.rerio_ruvbl2_ruvBlike_2                           1.7077438 0.0426148 0.0000000 0.1306770 0.1330795 0.1332667 0.0308229 0.1318714 0.1367282 0.1210262 0.1258839 1.7508522 1.5525409 1.5364863 1.5533740 1.5042608 1.5510046 1.5382926 1.5171983 1.5314752 1.5466168 1.5786087 1.5621793 
H.sapiens_RUVBL2_ruvBlike_2_isoform_1               1.7427662 0.1282339 0.1306770 0.0000000 0.0042426 0.0021148 0.1307291 0.0532613 0.0722733 0.0654013 0.0630031 1.7887832 1.6195839 1.5789591 1.5982994 1.5561211 1.5533434 1.5816176 1.5692574 1.5219303 1.5529741 1.6216425 1.5683963 
E.caballus_RUVBL2_ruvBlike_2_isoform_X1             1.7473990 0.1256920 0.1330795 0.0042426 0.0000000 0.0021186 0.1285728 0.0508848 0.0724023 0.0606720 0.0582926 1.7956813 1.6238352 1.5830507 1.6024672 1.5601697 1.5573300 1.5857249 1.5733489 1.5258362 1.5569759 1.6258746 1.5724432 
F.catus_RUVBL2_ruvBlike_2_isoform_X1                1.7473990 0.1256920 0.1332667 0.0021148 0.0021186 0.0000000 0.1281786 0.0509819 0.0699356 0.0630788 0.0606882 1.7956813 1.6238352 1.5830507 1.6024672 1.5601697 1.5573300 1.5857249 1.5733489 1.5258362 1.5569759 1.6258746 1.5724432 
S.salar_ruvbl2_ruvBlike_2                           1.6950112 0.0379838 0.0308229 0.1307291 0.1285728 0.1281786 0.0000000 0.1246142 0.1339399 0.1168558 0.1217278 1.7172961 1.5421582 1.5262905 1.5430030 1.4936774 1.5402205 1.5280812 1.5065296 1.5208178 1.5358558 1.5676158 1.5513291 
S.townsendi_RUVBL2_ruvBlike_2                       1.7106370 0.1267271 0.1318714 0.0532613 0.0508848 0.0509819 0.1246142 0.0000000 0.0584288 0.0446938 0.0423613 1.7374747 1.5643523 1.5250050 1.5437318 1.4992107 1.5248485 1.5275118 1.5119760 1.4928925 1.5205480 1.5657603 1.5357887 
C.carcharias_ruvbl2_ruvBlike_2                      1.6863849 0.1293988 0.1367282 0.0722733 0.0724023 0.0699356 0.1339399 0.0584288 0.0000000 0.0564159 0.0540361 1.6751054 1.5483264 1.4852784 1.5278435 1.4608917 1.5294479 1.4964430 1.4734707 1.5169842 1.5350750 1.5243506 1.5640142 
X.laevis_ruvbl2.S_RuvB_like_AAA_ATPase_2_S_homeolog 1.6972374 0.1170504 0.1210262 0.0654013 0.0606720 0.0630788 0.1168558 0.0446938 0.0564159 0.0000000 0.0063659 1.7264200 1.5562764 1.4938721 1.5356403 1.4802013 1.5135847 1.4963031 1.4929393 1.4784202 1.5035521 1.5472596 1.5187081 
X.laevis_ruvbl2.L_ruvBlike_2                        1.6843074 0.1219313 0.1258839 0.0630031 0.0582926 0.0606882 0.1217278 0.0423613 0.0540361 0.0063659 0.0000000 1.7084646 1.5446830 1.4826938 1.5241983 1.4690369 1.5023553 1.4850925 1.4816977 1.4673560 1.4924099 1.5357793 1.5074942 
S.townsendi_RUVBL1_ruvBlike_1                       0.3434263 1.7119952 1.7508522 1.7887832 1.7956813 1.7956813 1.7172961 1.7374747 1.6751054 1.7264200 1.7084646 0.0000000 0.0970896 0.1154504 0.0932098 0.1272463 0.2015129 0.1241297 0.1290841 0.2281797 0.2052088 0.1467243 0.2092220 
G.gallus_RUVBL1_ruvBlike_1_isoform_X1               0.1408085 1.5631417 1.5525409 1.6195839 1.6238352 1.6238352 1.5421582 1.5643523 1.5483264 1.5562764 1.5446830 0.0970896 0.0000000 0.0365316 0.0178828 0.0526000 0.1054782 0.0413066 0.0551788 0.1306411 0.1203195 0.0689933 0.1199660 
F.catus_RUVBL1_ruvBlike_1_isoform_X1                0.1041307 1.5469112 1.5364863 1.5789591 1.5830507 1.5830507 1.5262905 1.5250050 1.4852784 1.4938721 1.4826938 0.1154504 0.0365316 0.0000000 0.0341972 0.0406261 0.0843932 0.0044019 0.0453416 0.1133165 0.0954378 0.0537912 0.0951161 
C.mydas_RUVBL1_ruvBlike_1                           0.1380030 1.5685366 1.5533740 1.5982994 1.6024672 1.6024672 1.5430030 1.5437318 1.5278435 1.5356403 1.5241983 0.0932098 0.0178828 0.0341972 0.0000000 0.0528627 0.1037989 0.0389577 0.0560931 0.1290349 0.1160777 0.0690108 0.1157265 
X.laevis_ruvbl1.L_ruvBlike_1                        0.1502591 1.5145697 1.5042608 1.5561211 1.5601697 1.5601697 1.4936774 1.4992107 1.4608917 1.4802013 1.4690369 0.1272463 0.0526000 0.0406261 0.0528627 0.0000000 0.0919921 0.0453699 0.0088459 0.1215792 0.1141235 0.0560761 0.1191337 
D.rerio_ruvbl1_ruvBlike_1                           0.1698339 1.5725078 1.5510046 1.5533434 1.5573300 1.5573300 1.5402205 1.5248485 1.5294479 1.5135847 1.5023553 0.2015129 0.1054782 0.0843932 0.1037989 0.0919921 0.0000000 0.0842625 0.0920274 0.0613323 0.0480946 0.1032246 0.0556225 
E.caballus_RUVBL1_ruvBlike_1                        0.1037745 1.5487316 1.5382926 1.5816176 1.5857249 1.5857249 1.5280812 1.5275118 1.4964430 1.4963031 1.4850925 0.1241297 0.0413066 0.0044019 0.0389577 0.0453699 0.0842625 0.0000000 0.0501294 0.1140600 0.0953347 0.0587611 0.0928810 
X.laevis_ruvbl1.S_ruvBlike_1                        0.1532689 1.5275888 1.5171983 1.5692574 1.5733489 1.5733489 1.5065296 1.5119760 1.4734707 1.4929393 1.4816977 0.1290841 0.0551788 0.0453416 0.0560931 0.0088459 0.0920274 0.0501294 0.0000000 0.1134002 0.1087130 0.0561249 0.1136941 
G.aculeatus_ruvbl1_ruvBlike_1_isoform_X1            0.2073170 1.5527801 1.5314752 1.5219303 1.5258362 1.5258362 1.5208178 1.4928925 1.5169842 1.4784202 1.4673560 0.2281797 0.1306411 0.1133165 0.1290349 0.1215792 0.0613323 0.1140600 0.1134002 0.0000000 0.0486592 0.1311554 0.0505979 
S.salar_ruvbl1_ruvBlike_1                           0.1821147 1.5680858 1.5466168 1.5529741 1.5569759 1.5569759 1.5358558 1.5205480 1.5350750 1.5035521 1.4924099 0.2052088 0.1203195 0.0954378 0.1160777 0.1141235 0.0480946 0.0953347 0.1087130 0.0486592 0.0000000 0.1263142 0.0133963 
C.carcharias_ruvbl1_ruvBlike_1                      0.1614383 1.6041048 1.5786087 1.6216425 1.6258746 1.6258746 1.5676158 1.5657603 1.5243506 1.5472596 1.5357793 0.1467243 0.0689933 0.0537912 0.0690108 0.0560761 0.1032246 0.0587611 0.0561249 0.1311554 0.1263142 0.0000000 0.1259472 
S.salar_ruvb1_RuvBlike_1                            0.1874747 1.5837805 1.5621793 1.5683963 1.5724432 1.5724432 1.5513291 1.5357887 1.5640142 1.5187081 1.5074942 0.2092220 0.1199660 0.0951161 0.1157265 0.1191337 0.0556225 0.0928810 0.1136941 0.0505979 0.0133963 0.1259472 0.0000000 
